3800 0.019226206550231092
3801 0.019320296257111964
3802 0.019415336285627617
3803 0.01951134109272787
3804 0.019608325430024224
3805 0.019706304351333574
3806 0.01980529322045479
3807 0.01990530771918662
3808 0.02000636385559567
3809 0.020108477972543642
3810 0.020211666756483313
3811 0.020315947246533267
3812 0.02042133684384161
3813 0.020527853321249588
3814 0.02063551483326631
3815 0.02074433992636629
3816 0.02085434754962215
3817 0.020965557065685165
3818 0.02107798826212711
3819 0.021191661363157244
3820 0.021306597041729054
3821 0.02142281643205194
3822 0.021540341142523723
3823 0.0216591932691006
3824 0.02177939540912184
3825 0.02190097067560746
3826 0.02202394271204777
3827 0.02214833570770467
3828 0.022274174413445518
3829 0.022401484158131205
3830 0.022530290865581323
3831 0.02266062107214014
3832 0.02279250194486844
3833 0.02292596130038736
3834 0.023061027624401594
3835 0.023197730091930796
3836 0.023336098588279213
3837 0.02347616373077526
3838 0.02361795689131413
3839 0.02376151021973827
3840 0.02390685666809231
3841 0.024054030015790786
3842 0.02420306489573891
3843 0.024353996821448898
3844 0.024506862215196233
3845 0.024661698437262777
3846 0.02481854381631587
3847 0.024977437680975368
3848 0.025138420392622957
3849 0.025301533379511302
3850 0.025466819172233368
3851 0.02563432144061563
3852 0.025804085032102277
3853 0.025976156011701175
3854 0.026150581703566114
3855 0.02632741073429415
3856 0.02650669307802101
3857 0.026688480103402287
3858 0.02687282462257299
3859 0.027059780942183354
3860 0.027249404916614203
3861 0.027441754003481266
3862 0.027636887321544068
3863 0.02783486571114167
3864 0.02803575179728488
3865 0.028239610055542038
3866 0.028446506880863587
3867 0.028656510659499628
3868 0.028869691844173505
3869 0.029086123032684805
3870 0.029305879050125477
3871 0.029529037034904258
3872 0.02975567652878664
3873 0.029985879571170694
3874 0.030219730797832883
3875 0.030457317544392917
3876 0.03069872995476276
3877 0.030944061094861905
3878 0.031193407071899576
3879 0.0314468671595441
3880 0.03170454392932111
3881 0.03196654338860491
3882 0.03223297512559195
3883 0.032503952461671703
3884 0.03277959261163895
3885 0.03306001685222169
3886 0.03334535069943245
3887 0.03363572409528618
3888 0.03393127160446644
3889 0.03423213262156342
3890 0.034538451589552085
3891 0.034850378230227706
3892 0.03516806778736851
3893 0.035491681283452446
3894 0.03582138579081705
3895 0.0361573547182183
3896 0.03649976811381776
3897 0.036848812985706025
3898 0.03720468364115723
3899 0.037567582045902735
3900 0.03793771820481463
3901 0.03831531056550069
3902 0.038700586446434336
3903 0.039093782491375365
3904 0.03949514515198249
3905 0.03990493120067712
3906 0.040323408275991256
3907 0.040750855462822914
3908 0.04118756391023039
3909 0.04163383748962634
3910 0.04208999349648364
3911 0.04255636339894188
3912 0.04303329363700805
3913 0.04352114647638049
3914 0.04402030092129571
3915 0.044531153691206984
3916 0.04505412026655534
3917 0.04558963600939517
3918 0.04613815736519063
3919 0.046700163152715315
3920 0.04727615594967118
3921 0.04786666358240321
3922 0.048472240728933406
3923 0.04909347064548176
3924 0.04973096702769632
3925 0.050385376018992706
3926 0.05105737837972335
3927 0.051747691832375285
3928 0.05245707359965646
3929 0.05318632315419721
3930 0.05393628520069632
3931 0.054707852913711934
3932 0.055501971456976384
3933 0.05631964181314408
3934 0.057161924956316945
3935 0.0580299464035906
3936 0.058924901186300394
3937 0.05984805928669871
3938 0.06080077159156428
3939 0.06178447642084139
3940 0.06280070669696816
3941 0.06385109782923538
3942 0.06493739639750921
3943 0.0660614697311734
3944 0.06722531649246467
3945 0.06843107838880318
3946 0.06968105315663477
3947 0.07097770898015576
3948 0.07232370053262556
3949 0.07372188685644415
3950 0.07517535133157119
3951 0.07668742402115365
3952 0.0782617067295796
3953 0.07990210116301734
3954 0.08161284064758487
3955 0.08339852593778234
3956 0.0852641657403723
3957 0.08721522268981258
3958 0.08925766564474343
3959 0.09139802933603741
3960 0.09364348259198294
3961 0.09600190660340359
3962 0.09848198498119519
3963 0.10109330771395124
3964 0.10384649157073261
3965 0.10675332003503733
3966 0.10982690652826353
3967 0.11308188552023733
3968 0.11653463717734375
3969 0.12020355252652906
3970 0.12410934779632715
3971 0.12827543874043495
3972 0.13272838849659582
3973 0.1374984460724677
3974 0.1426201971340792
3975 0.148133354742532
3976 0.1540837255014491
3977 0.1605243968642638
3978 0.16751720494859415
3979 0.17513456024740412
3980 0.18346173262277524
3981 0.19259972889040886
3982 0.20266893863459695
3983 0.2138137795314133
3984 0.22620864521429004
3985 0.24006554780344047
3986 0.2556439492865193
3987 0.27326337130603356
3988 0.29331940324039985
3989 0.3163035417234105
3990 0.34282651652394264
3991 0.37364249372325603
3992 0.40966571215596886
3993 0.45195700257145077
3994 0.5016253791366789
3995 0.5595220914778026
3996 0.625486470156624
3997 0.6967990139428993
3998 0.7658165405421109
3999 0.8185168451821104
4000 0.8385254915624211
4001 0.8181174284846533
4002 0.7651148636546117
4003 0.6959165605666452
4004 0.6245142474362878
4005 0.5585127545613685
4006 0.5006052516620751
4007 0.4509379745242001
4008 0.40865255638823067
4009 0.37263667954461344
4010 0.34182806214672684
4011 0.315311883336572
4012 0.2923337920029402
4013 0.2722830477278877
4014 0.2546682137813493
4015 0.23909378359919156
4016 0.22524032015759693
4017 0.21284843926546984
4018 0.20170619693627798
4019 0.19163925775591714
4020 0.1825032531697602
4021 0.17417783478828833
4022 0.16656203026762548
4023 0.1595705985969268
4024 0.15313115347019268
4025 0.14718187909873084
4026 0.14166970516908536
4027 0.13654883957922329
4028 0.1317795815823798
4029 0.1273273560087307
4030 0.12316192283079866
4031 0.11925672662262114
4032 0.11558835827730377
4033 0.11213610731570633
4034 0.10888158770132977
4035 0.1058084236140786
4036 0.10290198438174591
4037 0.10014915991159037
4038 0.09753816964657565
4039 0.09505839939802949
4040 0.09270026145900888
4041 0.09045507424158854
4042 0.08831495835324736
4043 0.08627274656830207
4044 0.0843219055875421
4045 0.0824564678342623
4046 0.08067097182445011
4047 0.07896040988602052
4048 0.07732018219697433
4049 0.0757460562732992
4050 0.07423413117077615
4051 0.0727808057757314
4052 0.07138275065228951
4053 0.07003688299114214
4054 0.06874034426990762
4055 0.06749048028997785
4056 0.06628482330108248
4057 0.06512107596407647
4058 0.06399709693584435
4059 0.06291088788867659
4060 0.061860581800799085
4061 0.06084443237558395
4062 0.05986080446487802
4063 0.05890816538730912
4064 0.05798507704574283
4065 0.057090188759582106
4066 0.05622223073758957
4067 0.05538000812559277
4068 0.05456239557099057
4069 0.0537683322525754
4070 0.05299681732995155
4071 0.05224690577188261
4072 0.05151770452733413
4073 0.05080836900687591
4074 0.05011809984554241
4075 0.049446139921279116
4076 0.04879177160578029
4077 0.04815431422689445
4078 0.0475331217238753
4079 0.046927580478622596
4080 0.04633710730771778
4081 0.04576114760153738
4082 0.04519917359804711
4083 0.044650682780056815
4084 0.044115196385771396
4085 0.04359225802341601
4086 0.04308143238156119
4087 0.042582304027533505
4088 0.042094476286980945
4089 0.04161757019827813
4090 0.04115122353601066
4091 0.040695089898278844
4092 0.040248837853013066
4093 0.039812150138902234
4094 0.03938472291690693
4095 0.03896626506866451
4096 0.0385564975383982
4097 0.038155152715218445
4098 0.03776197385295666
4099 0.03737671452490014
4100 0.03699913811100547
4101 0.036629017315357885
4102 0.03626613371181756
4103 0.03591027731595235
4104 0.03556124618150109
4105 0.03521884601974486
4106 0.03488288984028421
4107 0.034553197611832565
4108 0.034229595941737335
4109 0.03391191777303481
4110 0.03360000209793044
4111 0.033293693686675875
4112 0.03299284283088673
4113 0.03269730510041236
4114 0.03240694111293085
4115 0.032121616315499445
4116 0.03184120077734359
4117 0.03156556899321596
4118 0.03129459969670255
4119 0.031028175682893795
4120 0.030766183639877823
4121 0.030508513988548223
4122 0.030255060730251946
4123 0.03000572130183366
4124 0.029760396437661145
4125 0.029518990038242987
4126 0.02928140904507419
4127 0.02904756332136813
4128 0.02881736553835473
4129 0.028590731066844125
4130 0.028367577873773805
4131 0.028147826423474215
4132 0.027931399583403706
4133 0.02771822253411878
4134 0.02750822268325936
4135 0.027301329583341867
4136 0.027097474853164976
4137 0.026896592102644258
4138 0.026698616860902576
4139 0.02650348650745292
4140 0.02631114020631976
4141 0.026121518842953616
4142 0.0259345649638017
4143 0.02575022271840517
4144 0.025568437803900647
4145 0.02538915741181036
4146 0.025212330177011657
4147 0.025037906128782463
4148 0.024865836643824878
4149 0.02469607440117435
4150 0.024528573338906713
4151 0.02436328861256007
4152 0.02420017655519281
4153 0.024039194639003208
4154 0.02388030143843982
4155 0.02372345659473562
4156 0.02356862078180217
4157 0.02341575567342343
4158 0.023264823911691792
4159 0.02311578907663182
4160 0.022968615656959908
4161 0.022823269021930673
4162 0.022679715394223168
4163 0.022537921823822506
4164 0.02239785616285444
4165 0.02225948704133273
4166 0.022122783843780712
4167 0.02198771668669077
4168 0.021854256396786727
4169 0.021722374490056037
4170 0.02159204315152024
4171 0.02146323521571343
4172 0.021335924147840125
4173 0.021210084025584976
4174 0.02108568952154833
4175 0.020962715886282533
4176 0.020841138931905253
4177 0.02072093501626697
4178 0.02060208102765098
4179 0.02048455436998508
4180 0.020368332948545124
4181 0.02025339515613146
4182 0.020139719859700072
4183 0.020027286387431176
4184 0.019916074516218536
4185 0.019806064459563722
4186 0.01969723685586005
4187 0.019589572757051706
4188 0.019483053617654022
4189 0.019377661284121665
4190 0.019273377984551903
4191 0.019170186318710654
4192 0.01906806924836967
4193 0.018967010087943492
4194 0.018866992495415492
4195 0.01876800046354253
4196 0.01867001831132839
4197 0.018573030675756434
4198 0.018477022503772308
4199 0.018381979044507953
